0.036162830474514976 0.03686165273909006
0.036162830474514976 0.03633549984524915
0.03611396178468455 0.03642835035592696
0.035250614931013696 0.03599504797276385
0.03674925475248009 0.035716496440730425
0.03502256104513838 0.03695450324976787
0.03590219746208604 0.035623645930052614
0.03720536252423073 0.03593314763231198
0.0341103455016371 0.03559269575982668
0.036667806936096045 0.036521200866604764
0.035218035804460084 0.03549984524914887
0.03495740279203115 0.03633549984524915
0.035706722702764336 0.03537604456824513
0.034713059342879014 0.03602599814298978
0.03583703920897881 0.03587124729186011
0.035739301829317956 0.036521200866604764
0.035185456677906464 0.03608789848344166
0.036537490429881574 0.0350974930362117
0.03536464187395136 0.03559269575982668
0.03647233217677434 0.03491179201485608
0.035739301829317956 0.03602599814298978
0.035608985323103484 0.03679975239863819
0.03627685741745264 0.035283194057567316
0.03453387414683412 0.03679975239863819
0.03538093143722817 0.03512844320643763
0.035723012266041146 0.03549984524914887
0.034843375849093486 0.03698545341999381
0.03642346348694391 0.03584029712163417
0.03445242633045008 0.03574744661095636
0.035201746241183274 0.03553079541937481
0.03495740279203115 0.036706901887960386
0.034875954975647105 0.036614051377282575
0.035218035804460084 0.03645930052615289
0.03557640619654987 0.03729495512225317
0.036684096499372855 0.037944908696997834
0.03634201567055987 0.03491179201485608
0.03603251396830051 0.03732590529247911
0.03723794165078434 0.0347570411637264
0.03604880353157732 0.03642835035592696
0.03645604261349753 0.03605694831321572
0.036211699164345405 0.03608789848344166
0.03542980012705859 0.03639740018570102
0.03497369235530796 0.035809346951408236
0.034843375849093486 0.03457134014237078
0.03681441300558732 0.03636645001547509
0.036097672221407744 0.03484989167440421
0.03689586082197136 0.03512844320643763
0.034729348906155824 0.03559269575982668
0.033980028995422636 0.03602599814298978
0.034827086285816676 0.035685546270504485
0.03554382706999625 0.035190343546889505
0.03464790108977178 0.03602599814298978
0.03547866881688902 0.035685546270504485
0.03508771929824561 0.03679975239863819
0.03494111322875434 0.035252243887341383
0.035641564449657104 0.03497369235530796
0.035820749645702 0.036521200866604764
0.03515287755135285 0.03494274218508202
0.03538093143722817 0.037078303930671616
0.03502256104513838 0.03624264933457134
0.03585332877225562 0.03596409780253791
0.036162830474514976 0.03484989167440421
0.035625274886380294 0.03679975239863819
0.034713059342879014 0.036521200866604764
0.03727052077733796 0.035809346951408236
0.035299483620844126 0.03698545341999381
0.037107625144569875 0.03686165273909006
0.035169167114629654 0.03630454967502321
0.034827086285816676 0.03639740018570102
0.03632572610728307 0.03642835035592696
0.03541351056378179 0.035623645930052614
0.03455016371011093 0.03605694831321572
0.033980028995422636 0.037511606313834725
0.035820749645702 0.03676880222841226
0.035218035804460084 0.03735685546270504
0.03687957125869455 0.03686165273909006
0.03552753750671944 0.036211699164345405
0.035723012266041146 0.035314144227793255
0.034713059342879014 0.03540699473847106
0.03614654091123817 0.03649025069637883
0.03494111322875434 0.03556174558960074
0.035739301829317956 0.03624264933457134
0.03692843994852498 0.03599504797276385
0.03552753750671944 0.037078303930671616
0.03469676977960221 0.034726090993500464
0.03541351056378179 0.03367378520581863
0.03490853410220072 0.03553079541937481
0.03546237925361221 0.03673785205818632
0.03598364527847008 0.03426183844011142
0.03546237925361221 0.03779015784586815
0.03603251396830051 0.03574744661095636
0.03479450715926306 0.03596409780253791
0.036635227809542426 0.03503559269575983
0.03630943654400626 0.03546889507892293
0.035706722702764336 0.03454038997214485
0.037058756454739446 0.035809346951408236
0.036179120037791786 0.036180748994119466
0.03459903239994136 0.03587124729186011
0.034289530697681994 0.03714020427112349
0.03598364527847008 0.03645930052615289
0.034875954975647105 0.03537604456824513
0.03542980012705859 0.035314144227793255
0.03492482366547753 0.03466419065304859
0.03767775985925818 0.03587124729186011
0.03559269575982668 0.035809346951408236
0.035185456677906464 0.037016403590219744
0.03657006955643519 0.03683070256886413
0.035723012266041146 0.03649025069637883
0.03746599553665966 0.03636645001547509
0.03508771929824561 0.035778396781182296
0.035706722702764336 0.03692355307954194
0.03591848702536285 0.03645930052615289
0.03556011663327306 0.03698545341999381
0.03629314698072945 0.03556174558960074
0.03673296518920328 0.03559269575982668
0.03455016371011093 0.03639740018570102
0.036651517372819235 0.03645930052615289
0.03611396178468455 0.037418755803156914
0.034729348906155824 0.03692355307954194
0.03466419065304859 0.03763540699473847
0.03595106615191647 0.03540699473847106
0.03498998191858476 0.03642835035592696
0.03569043313948753 0.03649025069637883
0.034713059342879014 0.03549984524914887
0.03593477658863966 0.03574744661095636
0.0360162244050237 0.03645930052615289
0.036227988727622215 0.03546889507892293
0.036195409601068596 0.035283194057567316
0.03541351056378179 0.03574744661095636
0.03554382706999625 0.03608789848344166
0.03358907947677923 0.035809346951408236
0.035625274886380294 0.037202104611575366
0.034827086285816676 0.035221293717115444
0.03552753750671944 0.03729495512225317
0.035169167114629654 0.036118848653667594
0.03650491130332796 0.03515939337666357
0.036211699164345405 0.036583101207056636
0.03331215690107348 0.03624264933457134
0.03673296518920328 0.03584029712163417
0.03655377999315838 0.035623645930052614
0.035608985323103484 0.03590219746208604
0.03495740279203115 0.03673785205818632
0.03546237925361221 0.036149798823893534
0.03557640619654987 0.03556174558960074
0.03585332877225562 0.03546889507892293
0.0354460896903354 0.0365521510368307
0.03586961833553243 0.03649025069637883
0.03604880353157732 0.03515939337666357
0.03539722100050498 0.03556174558960074
0.03629314698072945 0.035685546270504485
0.036227988727622215 0.036211699164345405
0.03536464187395136 0.03500464252553389
0.03368681685644008 0.03497369235530796
0.03513658798807604 0.036149798823893534
0.03469676977960221 0.03714020427112349
0.03546237925361221 0.03692355307954194
0.035657854012933914 0.03630454967502321
0.03503885060841519 0.03608789848344166
0.03591848702536285 0.03633549984524915
0.034875954975647105 0.03593314763231198
0.03580446008242519 0.034787991333952335
0.037351968593722 0.0347570411637264
0.03591848702536285 0.03605694831321572
0.03453387414683412 0.034416589291241105
0.03637459479711349 0.037604456824512536
0.03599993484174689 0.03596409780253791
0.034419847203896466 0.034385639121015166
0.036618938246265616 0.034787991333952335
0.03613025134796136 0.03633549984524915
0.03630943654400626 0.03630454967502321
0.03542980012705859 0.034726090993500464
0.03420808288129795 0.03506654286598576
0.03580446008242519 0.03515939337666357
0.03637459479711349 0.03627359950479728
0.035641564449657104 0.035623645930052614
0.034289530697681994 0.035221293717115444
0.03455016371011093 0.03624264933457134
0.03494111322875434 0.03537604456824513
0.03627685741745264 0.03534509439801919
0.03490853410220072 0.03596409780253791
0.03497369235530796 0.03540699473847106
0.034843375849093486 0.03695450324976787
0.035641564449657104 0.03667595171773445
0.03455016371011093 0.036706901887960386
0.036081382658130934 0.037109254100897555
0.034761928032709444 0.03559269575982668
0.03489224453892391 0.037418755803156914
0.034810796722539866 0.03633549984524915
0.03554382706999625 0.03584029712163417
0.03637459479711349 0.035283194057567316
0.034713059342879014 0.03593314763231198
0.03451758458355732 0.03642835035592696
0.036195409601068596 0.03587124729186011
0.03626056785417583 0.0350974930362117
0.035755591392594765 0.035252243887341383
0.03466419065304859 0.03590219746208604
0.03689586082197136 0.03537604456824513
0.0360162244050237 0.03546889507892293
0.03583703920897881 0.03636645001547509
0.034289530697681994 0.035221293717115444
0.03557640619654987 0.03556174558960074
0.035315773184120935 0.03624264933457134
0.035739301829317956 0.03540699473847106
0.034322109824235614 0.036118848653667594
0.0346804802163254 0.03450943980191891
0.035185456677906464 0.03584029712163417
0.0363908843603903 0.035314144227793255
0.03604880353157732 0.03494274218508202
0.03508771929824561 0.037418755803156914
0.034843375849093486 0.036211699164345405
0.035723012266041146 0.03645930052615289
0.03495740279203115 0.03642835035592696
0.035788170519148385 0.03506654286598576
0.037107625144569875 0.03500464252553389
0.036602648682988806 0.03695450324976787
0.03498998191858476 0.03630454967502321
0.03513658798807604 0.034416589291241105
0.035218035804460084 0.03584029712163417
0.03596735571519328 0.03506654286598576
0.034436136767173275 0.036521200866604764
0.036097672221407744 0.03732590529247911
0.03498998191858476 0.03503559269575983
0.034859665412370296 0.03556174558960074
0.03551124794344264 0.035623645930052614
0.037058756454739446 0.034880841844630146
0.0367818338790337 0.03692355307954194
0.037058756454739446 0.036180748994119466
0.03445242633045008 0.03503559269575983
0.035820749645702 0.03676880222841226
0.0354460896903354 0.03546889507892293
0.03541351056378179 0.03717115444134943
0.036211699164345405 0.036706901887960386
0.03515287755135285 0.03559269575982668
0.03642346348694391 0.03416898792943361
0.035299483620844126 0.035809346951408236
0.03479450715926306 0.035252243887341383
0.03657006955643519 0.037109254100897555
0.03556011663327306 0.03676880222841226
0.035641564449657104 0.03590219746208604
0.03731938946716838 0.0350974930362117
0.035755591392594765 0.03546889507892293
0.033931160305592206 0.034416589291241105
0.035788170519148385 0.03515939337666357
0.03599993484174689 0.03574744661095636
0.035755591392594765 0.03534509439801919
0.034729348906155824 0.03667595171773445
0.03456645327338774 0.03683070256886413
0.035788170519148385 0.034880841844630146
0.03541351056378179 0.03515939337666357
0.036179120037791786 0.035685546270504485
0.03414292462819072 0.03546889507892293
0.03603251396830051 0.03636645001547509
0.03479450715926306 0.036118848653667594
0.03490853410220072 0.03645930052615289
0.034875954975647105 0.03667595171773445
0.03542980012705859 0.035685546270504485
0.034387268077342846 0.03590219746208604
0.03595106615191647 0.03466419065304859
0.036537490429881574 0.035190343546889505
0.03375197510954731 0.035685546270504485
0.035332062747397745 0.03624264933457134
0.036065093094854124 0.03556174558960074
0.03613025134796136 0.03546889507892293
0.035332062747397745 0.035252243887341383
0.035755591392594765 0.03642835035592696
0.03595106615191647 0.03673785205818632
0.03684699213214094 0.03546889507892293
0.03502256104513838 0.03506654286598576
0.036537490429881574 0.03590219746208604
0.034419847203896466 0.03624264933457134
0.034810796722539866 0.03667595171773445
0.03782436592874945 0.03556174558960074
0.0346804802163254 0.03497369235530796
0.035250614931013696 0.03605694831321572
0.03417550375474433 0.036521200866604764
0.03557640619654987 0.035809346951408236
0.03593477658863966 0.03574744661095636
0.036065093094854124 0.03466419065304859
0.03595106615191647 0.03636645001547509
0.03671667562592647 0.03540699473847106
0.03414292462819072 0.03590219746208604
0.03547866881688902 0.03639740018570102
0.03551124794344264 0.03537604456824513
0.03414292462819072 0.03549984524914887
0.03549495838016583 0.03469514082327453
0.03498998191858476 0.036211699164345405
0.035185456677906464 0.035221293717115444
0.03650491130332796 0.03494274218508202
0.034273241134405184 0.03553079541937481
0.03419179331802114 0.03649025069637883
0.03536464187395136 0.03599504797276385
0.035820749645702 0.035778396781182296
0.035201746241183274 0.034880841844630146
0.03604880353157732 0.03636645001547509
0.034436136767173275 0.03649025069637883
0.03645604261349753 0.03639740018570102
0.03585332877225562 0.035685546270504485
0.034810796722539866 0.035623645930052614
0.036684096499372855 0.03537604456824513
0.036211699164345405 0.03590219746208604
0.033980028995422636 0.03546889507892293
0.035608985323103484 0.03608789848344166
0.035055140171692 0.03553079541937481
0.03559269575982668 0.03537604456824513
0.033833422925931354 0.03460229031259672
0.03538093143722817 0.03624264933457134
0.03512029842479923 0.03627359950479728
0.034810796722539866 0.03630454967502321
0.03547866881688902 0.03599504797276385
0.03640717392366711 0.03679975239863819
0.035201746241183274 0.03602599814298978
0.035201746241183274 0.03645930052615289
0.03596735571519328 0.034787991333952335
0.03614654091123817 0.036521200866604764
0.035755591392594765 0.03698545341999381
0.035706722702764336 0.03534509439801919
0.0354460896903354 0.034385639121015166
0.03542980012705859 0.037542556484060664
0.03546237925361221 0.03553079541937481
0.035315773184120935 0.03599504797276385
0.03591848702536285 0.03627359950479728
0.03489224453892391 0.034416589291241105
0.03355650035022561 0.035437944908697
0.0354460896903354 0.03639740018570102
0.03456645327338774 0.03679975239863819
0.034436136767173275 0.03639740018570102
0.03479450715926306 0.034880841844630146
0.03629314698072945 0.03494274218508202
0.035739301829317956 0.03630454967502321
0.036651517372819235 0.03642835035592696
0.035706722702764336 0.035252243887341383
0.03736825815699881 0.03639740018570102
0.034761928032709444 0.03649025069637883
0.035185456677906464 0.03553079541937481
0.03637459479711349 0.03593314763231198
0.035055140171692 0.03608789848344166
0.03588590789880923 0.03556174558960074
0.035055140171692 0.03494274218508202
0.03463161152649497 0.03553079541937481
0.03450129502028051 0.03624264933457134
0.03642346348694391 0.03639740018570102
0.03523432536773689 0.036706901887960386
0.036195409601068596 0.036180748994119466
0.03691215038524817 0.035809346951408236
0.03604880353157732 0.03590219746208604
0.03497369235530796 0.03602599814298978
0.034761928032709444 0.03574744661095636
0.035739301829317956 0.036180748994119466
0.03455016371011093 0.03627359950479728
0.03559269575982668 0.03593314763231198
0.0350714297349688 0.0365521510368307
0.03642346348694391 0.03599504797276385
0.03626056785417583 0.035314144227793255
0.035625274886380294 0.036211699164345405
0.03648862174005115 0.036180748994119466
0.03495740279203115 0.035190343546889505
0.03714020427112349 0.03642835035592696
0.03508771929824561 0.03627359950479728
0.03461532196321817 0.03549984524914887
0.03547866881688902 0.035778396781182296
0.035771880955871575 0.03608789848344166
0.034843375849093486 0.036614051377282575
0.035315773184120935 0.035437944908697
0.03557640619654987 0.03549984524914887
0.035201746241183274 0.0365521510368307
0.035641564449657104 0.03608789848344166
0.03655377999315838 0.03546889507892293
0.036537490429881574 0.03639740018570102
0.035169167114629654 0.03549984524914887
0.035788170519148385 0.035778396781182296
0.03466419065304859 0.03624264933457134
0.03523432536773689 0.03426183844011142
0.03536464187395136 0.03605694831321572
0.036162830474514976 0.03534509439801919
0.035201746241183274 0.036180748994119466
0.03461532196321817 0.03673785205818632
0.034843375849093486 0.03534509439801919
0.03500627148186157 0.0365521510368307
0.036521200866604764 0.036211699164345405
0.03655377999315838 0.036645001547508514
0.03422437244457476 0.035685546270504485
0.036162830474514976 0.03649025069637883
0.03489224453892391 0.034818941504178275
0.036227988727622215 0.036180748994119466
0.03450129502028051 0.03559269575982668
0.03624427829089902 0.03574744661095636
0.034387268077342846 0.03692355307954194
0.035641564449657104 0.03593314763231198
0.03301894476209093 0.03714020427112349
0.03541351056378179 0.035809346951408236
0.03469676977960221 0.035252243887341383
0.03498998191858476 0.03515939337666357
0.03494111322875434 0.036706901887960386
0.033980028995422636 0.03549984524914887
0.03508771929824561 0.03679975239863819
0.03632572610728307 0.03515939337666357
0.035771880955871575 0.0347570411637264
0.033507631660395186 0.036614051377282575
0.033377315154180714 0.036118848653667594
0.03541351056378179 0.03549984524914887
0.035755591392594765 0.03633549984524915
0.03634201567055987 0.03593314763231198
0.0360162244050237 0.035685546270504485
0.03455016371011093 0.0350974930362117
0.035201746241183274 0.03633549984524915
0.035299483620844126 0.035437944908697
0.03508771929824561 0.03540699473847106
0.036635227809542426 0.03584029712163417
0.03463161152649497 0.03642835035592696
0.036521200866604764 0.03645930052615289
0.036065093094854124 0.03692355307954194
0.03583703920897881 0.03599504797276385
0.0350714297349688 0.0350974930362117
0.036667806936096045 0.03534509439801919
0.035755591392594765 0.035685546270504485
0.035315773184120935 0.03537604456824513
0.03591848702536285 0.035778396781182296
0.03567414357621072 0.03512844320643763
0.035283194057567316 0.03602599814298978
0.034745638469432634 0.035623645930052614
0.03494111322875434 0.037016403590219744
0.03549495838016583 0.03599504797276385
0.03466419065304859 0.035221293717115444
0.035657854012933914 0.036118848653667594
0.0350714297349688 0.036614051377282575
0.035657854012933914 0.03556174558960074
0.03547866881688902 0.03565459610027855
0.035055140171692 0.03630454967502321
0.03694472951180179 0.03596409780253791
0.034859665412370296 0.037016403590219744
0.03556011663327306 0.03683070256886413
0.03451758458355732 0.034880841844630146
0.03580446008242519 0.03574744661095636
0.03513658798807604 0.035685546270504485
0.036602648682988806 0.035437944908697
0.035739301829317956 0.03729495512225317
0.034827086285816676 0.03602599814298978
0.037563732916320515 0.03633549984524915
0.03591848702536285 0.03624264933457134
0.0360162244050237 0.03444753946146704
0.03536464187395136 0.034787991333952335
0.03407776637508348 0.035623645930052614
0.03464790108977178 0.034385639121015166
0.0341103455016371 0.035716496440730425
0.03425695157112838 0.035809346951408236
0.034859665412370296 0.0350974930362117
0.03700988776490902 0.03484989167440421
0.03585332877225562 0.03717115444134943
0.036081382658130934 0.03605694831321572
0.03557640619654987 0.03463324048282265
0.033963739432145826 0.03423088826988548
0.035788170519148385 0.03540699473847106
0.03490853410220072 0.03602599814298978
0.03534835231067455 0.03636645001547509
0.035657854012933914 0.03549984524914887
0.03626056785417583 0.036614051377282575
0.03557640619654987 0.037109254100897555
0.0363908843603903 0.03608789848344166
0.03534835231067455 0.03599504797276385
0.03642346348694391 0.03584029712163417
0.037351968593722 0.035252243887341383
0.03513658798807604 0.03549984524914887
0.035641564449657104 0.03596409780253791
0.034436136767173275 0.03565459610027855
0.035299483620844126 0.03645930052615289
0.03764518073270456 0.03556174558960074
0.03588590789880923 0.03630454967502321
0.035641564449657104 0.034385639121015166
0.03402889768525306 0.03515939337666357
0.034843375849093486 0.0336428350355927
0.03492482366547753 0.035809346951408236
0.034761928032709444 0.03469514082327453
0.03627685741745264 0.03506654286598576
0.03611396178468455 0.0350974930362117
0.03655377999315838 0.03627359950479728
0.036537490429881574 0.035437944908697
0.03551124794344264 0.03683070256886413
0.03635830523383668 0.03627359950479728
0.03453387414683412 0.036645001547508514
0.03404518724852987 0.035685546270504485
0.0350714297349688 0.037913958526771895
0.036651517372819235 0.035437944908697
0.03536464187395136 0.03590219746208604
0.03583703920897881 0.03596409780253791
0.035755591392594765 0.03484989167440421
0.03380084379937774 0.037202104611575366
0.03494111322875434 0.037418755803156914
0.035299483620844126 0.035685546270504485
0.035739301829317956 0.03642835035592696
0.035055140171692 0.03679975239863819
0.03494111322875434 0.03695450324976787
0.03673296518920328 0.03494274218508202
0.035332062747397745 0.036521200866604764
0.03547866881688902 0.036583101207056636
0.03603251396830051 0.03639740018570102
0.03554382706999625 0.03584029712163417
0.034289530697681994 0.03574744661095636
0.035185456677906464 0.03565459610027855
0.03647233217677434 0.03537604456824513
0.03591848702536285 0.03766635716496441
0.038313052827053704 0.03534509439801919
0.03551124794344264 0.03636645001547509
0.035266904494290506 0.03645930052615289
0.03645604261349753 0.03596409780253791
0.03495740279203115 0.03667595171773445
0.035771880955871575 0.03556174558960074
0.03624427829089902 0.03695450324976787
0.03539722100050498 0.034292788610337355
0.036211699164345405 0.035623645930052614
0.035055140171692 0.03596409780253791
0.03596735571519328 0.03556174558960074
0.03539722100050498 0.03738780563293098
0.03557640619654987 0.03466419065304859
0.035820749645702 0.03624264933457134
0.03542980012705859 0.035623645930052614
0.03539722100050498 0.03556174558960074
0.037075046018016256 0.036118848653667594
0.03614654091123817 0.03494274218508202
0.034745638469432634 0.03454038997214485
0.035250614931013696 0.03559269575982668
0.03552753750671944 0.03636645001547509
0.035788170519148385 0.03636645001547509
0.03464790108977178 0.036118848653667594
0.03598364527847008 0.036149798823893534
0.034761928032709444 0.03627359950479728
0.034875954975647105 0.03515939337666357
0.03643975305022072 0.03642835035592696
0.036961019075078594 0.035809346951408236
0.03497369235530796 0.03497369235530796
0.03642346348694391 0.03633549984524915
0.034305820260958804 0.03667595171773445
0.034713059342879014 0.036892602909316
0.03593477658863966 0.03633549984524915
0.03748228509993647 0.03692355307954194
0.03539722100050498 0.035623645930052614
0.035706722702764336 0.03404518724852987
0.035820749645702 0.03599504797276385
0.03456645327338774 0.03584029712163417
0.035625274886380294 0.03574744661095636
0.035641564449657104 0.03639740018570102
0.03549495838016583 0.03506654286598576
0.036618938246265616 0.03469514082327453
0.035641564449657104 0.03602599814298978
0.036635227809542426 0.03549984524914887
0.03634201567055987 0.03515939337666357
0.036227988727622215 0.036180748994119466
0.03424066200785157 0.035437944908697
0.03683070256886413 0.03590219746208604
0.034810796722539866 0.034354688950789226
0.03401260812197625 0.03549984524914887
0.03489224453892391 0.03491179201485608
0.03538093143722817 0.035623645930052614
0.037123914707846685 0.03599504797276385
0.03549495838016583 0.03627359950479728
0.035169167114629654 0.036149798823893534
0.036211699164345405 0.036706901887960386
0.035820749645702 0.036614051377282575
0.03700988776490902 0.03540699473847106
0.03559269575982668 0.03738780563293098
0.034778217595986254 0.03534509439801919
0.03490853410220072 0.03469514082327453
0.03464790108977178 0.03590219746208604
0.03495740279203115 0.035809346951408236
0.03546237925361221 0.03559269575982668
0.03599993484174689 0.03500464252553389
0.036521200866604764 0.03630454967502321
0.036635227809542426 0.03602599814298978
0.03590219746208604 0.035190343546889505
0.03492482366547753 0.03503559269575983
0.036227988727622215 0.034818941504178275
0.034761928032709444 0.03608789848344166
0.0344850054570037 0.035685546270504485
0.036586359119712 0.035190343546889505
0.03603251396830051 0.0350974930362117
0.03547866881688902 0.035716496440730425
0.03655377999315838 0.037109254100897555
0.035332062747397745 0.035437944908697
0.03458274283666455 0.037016403590219744
0.03552753750671944 0.035190343546889505
0.03611396178468455 0.03633549984524915
0.034859665412370296 0.035809346951408236
0.035625274886380294 0.03769730733519034
0.03547866881688902 0.03587124729186011
0.035608985323103484 0.03444753946146704
0.034729348906155824 0.035314144227793255
0.035788170519148385 0.035252243887341383
0.03464790108977178 0.03565459610027855
0.035283194057567316 0.035314144227793255
0.03591848702536285 0.03503559269575983
0.035820749645702 0.03549984524914887
0.035771880955871575 0.03534509439801919
0.035657854012933914 0.03673785205818632
0.0337356855462705 0.036118848653667594
0.035250614931013696 0.03584029712163417
0.035755591392594765 0.03636645001547509
0.03554382706999625 0.03537604456824513
0.03479450715926306 0.035623645930052614
0.036521200866604764 0.03546889507892293
0.034419847203896466 0.035190343546889505
0.037075046018016256 0.03537604456824513
0.03466419065304859 0.03673785205818632
0.036211699164345405 0.03534509439801919
0.03632572610728307 0.03512844320643763
0.035788170519148385 0.03738780563293098
0.03694472951180179 0.03590219746208604
0.03399631855869944 0.03627359950479728
0.035332062747397745 0.03565459610027855
0.03539722100050498 0.03500464252553389
0.03583703920897881 0.034416589291241105
0.035625274886380294 0.03673785205818632
0.03591848702536285 0.036706901887960386
0.03590219746208604 0.03602599814298978
0.03551124794344264 0.03506654286598576
0.03603251396830051 0.03608789848344166
0.03541351056378179 0.03423088826988548
0.03503885060841519 0.03645930052615289
0.03626056785417583 0.03605694831321572
0.03635830523383668 0.03679975239863819
0.0354460896903354 0.036180748994119466
0.03603251396830051 0.035623645930052614
0.03497369235530796 0.03642835035592696
0.03580446008242519 0.037047353760445684
0.037075046018016256 0.03410708758898174
0.034810796722539866 0.035716496440730425
0.03556011663327306 0.035314144227793255
0.03503885060841519 0.03673785205818632
0.03513658798807604 0.03667595171773445
0.03508771929824561 0.037202104611575366
0.03569043313948753 0.03686165273909006
0.03402889768525306 0.035716496440730425
0.03626056785417583 0.03624264933457134
0.03569043313948753 0.036211699164345405
0.03539722100050498 0.03608789848344166
0.03541351056378179 0.035221293717115444
0.036179120037791786 0.034787991333952335
0.03598364527847008 0.03574744661095636
0.035739301829317956 0.03633549984524915
0.034843375849093486 0.03546889507892293
0.034810796722539866 0.03605694831321572
0.0354460896903354 0.036614051377282575
0.03596735571519328 0.03423088826988548
0.03510400886152242 0.03534509439801919
0.03599993484174689 0.03537604456824513
0.03674925475248009 0.03587124729186011
0.03464790108977178 0.03537604456824513
0.035315773184120935 0.036180748994119466
0.03604880353157732 0.034323738780563294
0.03556011663327306 0.03775920767564222
0.0354460896903354 0.033921386567626124
0.035641564449657104 0.03726400495202724
0.03451758458355732 0.03624264933457134
0.034370978514066036 0.03608789848344166
0.03541351056378179 0.035190343546889505
0.03744970597338285 0.03559269575982668
0.03674925475248009 0.03608789848344166
0.033491342097118376 0.03636645001547509
0.03538093143722817 0.03642835035592696
0.03546237925361221 0.036706901887960386
0.03591848702536285 0.03627359950479728
0.035788170519148385 0.03546889507892293
0.035218035804460084 0.034787991333952335
0.03586961833553243 0.03683070256886413
0.03559269575982668 0.03624264933457134
0.035218035804460084 0.03599504797276385
0.03489224453892391 0.035809346951408236
0.036586359119712 0.03596409780253791
0.03699359820163221 0.035716496440730425
0.036651517372819235 0.03556174558960074
0.03552753750671944 0.035716496440730425
0.03512029842479923 0.03540699473847106
0.03549495838016583 0.035778396781182296
0.035820749645702 0.0347570411637264
0.034729348906155824 0.034292788610337355
0.036227988727622215 0.034818941504178275
0.03464790108977178 0.03599504797276385
0.03702617732818583 0.03633549984524915
0.0354460896903354 0.035190343546889505
0.03513658798807604 0.03633549984524915
0.0354460896903354 0.03599504797276385
0.03461532196321817 0.03813060971835345
0.035755591392594765 0.03559269575982668
0.034745638469432634 0.03608789848344166
0.03503885060841519 0.03695450324976787
0.03723794165078434 0.03676880222841226
0.03502256104513838 0.03497369235530796
0.03588590789880923 0.035778396781182296
0.03503885060841519 0.034416589291241105
0.03542980012705859 0.03565459610027855
0.03624427829089902 0.03549984524914887
0.0360162244050237 0.035252243887341383
0.03634201567055987 0.03590219746208604
0.0354460896903354 0.037109254100897555
0.03635830523383668 0.035221293717115444
0.03655377999315838 0.036583101207056636
0.03515287755135285 0.03559269575982668
0.03624427829089902 0.03726400495202724
0.03643975305022072 0.03463324048282265
0.035739301829317956 0.03484989167440421
0.03614654091123817 0.03537604456824513
0.035169167114629654 0.03679975239863819
0.03630943654400626 0.03512844320643763
0.035201746241183274 0.03565459610027855
0.03510400886152242 0.03584029712163417
0.034273241134405184 0.03574744661095636
0.03679812344231051 0.03565459610027855
0.03681441300558732 0.03667595171773445
0.035641564449657104 0.035809346951408236
0.03534835231067455 0.03506654286598576
0.03614654091123817 0.035437944908697
0.036618938246265616 0.03494274218508202
0.03554382706999625 0.03506654286598576
0.03458274283666455 0.0350974930362117
0.035332062747397745 0.03491179201485608
0.03647233217677434 0.036180748994119466
0.03500627148186157 0.03546889507892293
0.034354688950789226 0.034385639121015166
0.03626056785417583 0.03683070256886413
0.035657854012933914 0.03559269575982668
0.035201746241183274 0.03556174558960074
0.03508771929824561 0.03546889507892293
0.036618938246265616 0.035221293717115444
0.036635227809542426 0.035252243887341383
0.03464790108977178 0.03565459610027855
0.03510400886152242 0.03679975239863819
0.03604880353157732 0.03679975239863819
0.035723012266041146 0.036149798823893534
0.03595106615191647 0.035623645930052614
0.03538093143722817 0.03676880222841226
0.03554382706999625 0.03540699473847106
0.036618938246265616 0.035283194057567316
0.03759631204287413 0.035437944908697
0.0354460896903354 0.036118848653667594
0.03534835231067455 0.03463324048282265
0.03538093143722817 0.035809346951408236
0.03684699213214094 0.03645930052615289
0.03655377999315838 0.03590219746208604
0.03585332877225562 0.03642835035592696
0.03598364527847008 0.036583101207056636
0.03567414357621072 0.03463324048282265
0.03469676977960221 0.036706901887960386
0.03378455423610093 0.03469514082327453
0.034827086285816676 0.036149798823893534
0.03552753750671944 0.03565459610027855
0.036667806936096045 0.036118848653667594
0.03510400886152242 0.03584029712163417
0.0350714297349688 0.03494274218508202
0.035788170519148385 0.036149798823893534
0.034875954975647105 0.03785205818632002
0.03604880353157732 0.034818941504178275
0.03534835231067455 0.03540699473847106
0.03512029842479923 0.03549984524914887
0.035315773184120935 0.0350974930362117
0.03539722100050498 0.03679975239863819
0.03629314698072945 0.035190343546889505
0.03497369235530796 0.036180748994119466
0.0354460896903354 0.03633549984524915
0.034778217595986254 0.036180748994119466
0.03585332877225562 0.037047353760445684
0.03549495838016583 0.03574744661095636
0.03655377999315838 0.036614051377282575
0.036195409601068596 0.03512844320643763
0.03538093143722817 0.03624264933457134
0.03380084379937774 0.03565459610027855
0.035201746241183274 0.03546889507892293
0.035266904494290506 0.03497369235530796
0.03536464187395136 0.03608789848344166
0.03604880353157732 0.035809346951408236
0.035641564449657104 0.035685546270504485
0.03458274283666455 0.036118848653667594
0.03591848702536285 0.035685546270504485
0.03538093143722817 0.03729495512225317
0.03513658798807604 0.036614051377282575
0.03552753750671944 0.036583101207056636
0.036162830474514976 0.03450943980191891
0.036162830474514976 0.03627359950479728
0.03461532196321817 0.035778396781182296
0.035723012266041146 0.037109254100897555
0.037107625144569875 0.03512844320643763
0.035185456677906464 0.035685546270504485
0.03720536252423073 0.035190343546889505
0.035657854012933914 0.03500464252553389
0.035771880955871575 0.03444753946146704
0.03650491130332796 0.037202104611575366
0.03598364527847008 0.036149798823893534
0.03459903239994136 0.03639740018570102
0.03453387414683412 0.03695450324976787
0.03458274283666455 0.03534509439801919
0.03512029842479923 0.036180748994119466
0.03637459479711349 0.03469514082327453
0.03536464187395136 0.03593314763231198
0.03722165208750754 0.03639740018570102
0.03627685741745264 0.034880841844630146
0.0344850054570037 0.03454038997214485
0.03498998191858476 0.03633549984524915
0.036227988727622215 0.035809346951408236
0.036211699164345405 0.03667595171773445
0.03586961833553243 0.03506654286598576
0.03595106615191647 0.03553079541937481
0.035771880955871575 0.03553079541937481
0.03611396178468455 0.03534509439801919
0.035739301829317956 0.03649025069637883
0.03598364527847008 0.035685546270504485
0.03510400886152242 0.03748065614360879
0.035055140171692 0.03549984524914887
0.03489224453892391 0.03608789848344166
0.03549495838016583 0.03630454967502321
0.0360162244050237 0.03593314763231198
0.03549495838016583 0.035314144227793255
0.03492482366547753 0.03549984524914887
0.035755591392594765 0.03450943980191891
0.03591848702536285 0.035809346951408236
0.0344850054570037 0.03484989167440421
0.034810796722539866 0.03624264933457134
0.03686328169541775 0.036149798823893534
0.03556011663327306 0.035221293717115444
0.03586961833553243 0.036211699164345405
0.03489224453892391 0.03714020427112349
0.03569043313948753 0.03559269575982668
0.0344850054570037 0.03584029712163417
0.035706722702764336 0.03596409780253791
0.03523432536773689 0.03599504797276385
0.037123914707846685 0.035809346951408236
0.034745638469432634 0.036892602909316
0.035788170519148385 0.036211699164345405
0.03500627148186157 0.034323738780563294
0.037514864226490086 0.03546889507892293
0.03679812344231051 0.03512844320643763
0.03613025134796136 0.03556174558960074
0.03490853410220072 0.0350974930362117
0.035299483620844126 0.035221293717115444
0.03586961833553243 0.03506654286598576
0.034713059342879014 0.03683070256886413
0.03627685741745264 0.03534509439801919
0.035641564449657104 0.035283194057567316
0.03657006955643519 0.03599504797276385
0.03502256104513838 0.035716496440730425
0.035771880955871575 0.0350974930362117
0.03461532196321817 0.03645930052615289
0.03456645327338774 0.034726090993500464
0.035706722702764336 0.03633549984524915
0.03586961833553243 0.036118848653667594
0.03559269575982668 0.035437944908697
0.035283194057567316 0.03574744661095636
0.03637459479711349 0.03584029712163417
0.03539722100050498 0.03506654286598576
0.03588590789880923 0.03649025069637883
0.036618938246265616 0.03559269575982668
0.03684699213214094 0.03642835035592696
0.03657006955643519 0.03698545341999381
0.035332062747397745 0.03553079541937481
0.035771880955871575 0.0365521510368307
0.0363908843603903 0.03565459610027855
0.036162830474514976 0.03413803775920768
0.037873234618579874 0.03596409780253791
0.03614654091123817 0.037109254100897555
0.036179120037791786 0.035283194057567316
0.035283194057567316 0.03494274218508202
0.03451758458355732 0.035685546270504485
0.035218035804460084 0.03596409780253791
0.03603251396830051 0.03624264933457134
0.03466419065304859 0.03645930052615289
0.034827086285816676 0.03692355307954194
0.03632572610728307 0.03500464252553389
0.03593477658863966 0.03698545341999381
0.036227988727622215 0.03491179201485608
0.036179120037791786 0.035252243887341383
0.03613025134796136 0.035221293717115444
0.035299483620844126 0.034354688950789226
0.034761928032709444 0.03512844320643763
0.034436136767173275 0.03717115444134943
0.03727052077733796 0.03559269575982668
0.03585332877225562 0.034818941504178275
0.03635830523383668 0.03630454967502321
0.03497369235530796 0.03683070256886413
0.03419179331802114 0.036149798823893534
0.035771880955871575 0.033890436397400185
0.0346804802163254 0.03630454967502321
0.034843375849093486 0.03676880222841226
0.03585332877225562 0.035623645930052614
0.0350714297349688 0.034292788610337355
0.034778217595986254 0.03515939337666357
0.035820749645702 0.0372330547818013
0.03767775985925818 0.03624264933457134
0.03643975305022072 0.036149798823893534
0.03679812344231051 0.03584029712163417
0.036162830474514976 0.03537604456824513
0.03551124794344264 0.03645930052615289
0.035820749645702 0.03423088826988548
0.03541351056378179 0.03636645001547509
0.035266904494290506 0.03624264933457134
0.035771880955871575 0.03447848963169298
0.03510400886152242 0.03491179201485608
0.03593477658863966 0.03590219746208604
0.034713059342879014 0.03454038997214485
0.036651517372819235 0.03444753946146704
0.034338399387512424 0.03500464252553389
0.03515287755135285 0.03503559269575983
0.0350714297349688 0.035685546270504485
0.03635830523383668 0.035685546270504485
0.035641564449657104 0.034787991333952335
0.03643975305022072 0.037202104611575366
0.0354460896903354 0.03627359950479728
0.035641564449657104 0.03602599814298978
0.03650491130332796 0.03642835035592696
0.03515287755135285 0.036118848653667594
0.03687957125869455 0.03587124729186011
0.035299483620844126 0.035437944908697
0.03508771929824561 0.035685546270504485
0.034761928032709444 0.03546889507892293
0.03542980012705859 0.03574744661095636
0.03508771929824561 0.035221293717115444
0.03744970597338285 0.035437944908697
0.03671667562592647 0.035685546270504485
0.035723012266041146 0.03695450324976787
0.03643975305022072 0.03627359950479728
0.035755591392594765 0.03673785205818632
0.0335402107869488 0.03587124729186011
0.035250614931013696 0.03608789848344166
0.0363908843603903 0.035716496440730425
0.035218035804460084 0.03497369235530796
0.03614654091123817 0.035716496440730425
0.03643975305022072 0.034323738780563294
0.03513658798807604 0.03534509439801919
0.035218035804460084 0.036706901887960386
0.03643975305022072 0.03602599814298978
0.036065093094854124 0.03636645001547509
0.035169167114629654 0.03624264933457134
0.03590219746208604 0.03537604456824513
0.035608985323103484 0.03714020427112349
0.03420808288129795 0.03463324048282265
0.0354460896903354 0.03695450324976787
0.03586961833553243 0.03590219746208604
0.03593477658863966 0.037511606313834725
0.03523432536773689 0.03534509439801919
0.03523432536773689 0.036149798823893534
0.03455016371011093 0.037418755803156914
0.035201746241183274 0.03469514082327453
0.033377315154180714 0.03584029712163417
0.03556011663327306 0.036118848653667594
0.03635830523383668 0.035314144227793255
0.03551124794344264 0.03512844320643763
0.035820749645702 0.036892602909316
0.03559269575982668 0.03497369235530796
0.03495740279203115 0.03633549984524915
0.03684699213214094 0.037078303930671616
0.03469676977960221 0.03546889507892293
0.03640717392366711 0.03785205818632002
0.03463161152649497 0.036521200866604764
0.03539722100050498 0.0347570411637264
0.03604880353157732 0.03450943980191891
0.03650491130332796 0.03686165273909006
0.03402889768525306 0.035623645930052614
0.036977308638355404 0.03748065614360879
0.03624427829089902 0.03546889507892293
0.03599993484174689 0.03649025069637883
0.03580446008242519 0.03556174558960074
0.035771880955871575 0.03512844320643763
0.036227988727622215 0.03450943980191891
0.036227988727622215 0.036180748994119466
0.03547866881688902 0.03537604456824513
0.03332844646435029 0.03714020427112349
0.03686328169541775 0.03627359950479728
0.03593477658863966 0.03649025069637883
0.035641564449657104 0.03457134014237078
0.03378455423610093 0.035778396781182296
0.034289530697681994 0.035716496440730425
0.0354460896903354 0.03587124729186011
0.03479450715926306 0.036149798823893534
0.03591848702536285 0.03537604456824513
0.036097672221407744 0.03627359950479728
0.034354688950789226 0.035778396781182296
0.035250614931013696 0.035685546270504485
0.03551124794344264 0.03596409780253791
0.035771880955871575 0.035221293717115444
0.03515287755135285 0.03404518724852987
0.035315773184120935 0.03537604456824513
0.03401260812197625 0.03642835035592696
0.03461532196321817 0.03602599814298978
0.036065093094854124 0.03732590529247911
0.036651517372819235 0.03590219746208604
0.03740083728355243 0.03717115444134943
0.03588590789880923 0.036118848653667594
0.036081382658130934 0.03491179201485608
0.034761928032709444 0.03416898792943361
0.03557640619654987 0.03593314763231198
0.035315773184120935 0.036614051377282575
0.03691215038524817 0.035778396781182296
0.035657854012933914 0.03512844320643763
0.03720536252423073 0.03447848963169298
0.034843375849093486 0.03602599814298978
0.03671667562592647 0.034354688950789226
0.034289530697681994 0.03546889507892293
0.03450129502028051 0.036180748994119466
0.03670038606264966 0.03587124729186011
0.035055140171692 0.03599504797276385
0.03627685741745264 0.03627359950479728
0.035657854012933914 0.03673785205818632
0.03539722100050498 0.03738780563293098
0.036097672221407744 0.0365521510368307
0.03627685741745264 0.03695450324976787
